0 0.13007812500000002 0.735 0.11328125 0.215
5 0.064453125 0.76375 0.047656250000000004 0.0575
2 0.486328125 0.548125 0.08984375 0.09625
2 0.536328125 0.670625 0.09609375 0.13875
2 0.6546875000000001 0.654375 -0.09062500000000001 -0.14125000000000001
2 0.606640625 0.545 0.08984375 0.0975
2 0.8386718750000001 0.455625 0.10546875 0.12125
2 0.915234375 0.561875 -0.07578125000000001 -0.07125000000000001
2 0.9578125000000001 0.40625 0.065625 0.0975
1 0.951171875 0.095 0.09453125000000001 0.055
2 0.9832031250000001 0.635625 0.030468750000000003 0.05375
