0 0.06640625 0.5975 0.11093750000000001 0.2125
5 0.068359375 0.725 -0.08828125 -0.0525
1 0.951171875 0.094375 0.09453125000000001 0.04875
2 0.633984375 0.7212500000000001 0.13046875 0.23500000000000001
2 0.40156250000000004 0.8250000000000001 0.06875 0.1675
2 0.513671875 0.77875 -0.09921875000000001 -0.2325
2 0.425390625 0.6875 0.06953125 0.105
2 0.75390625 0.664375 0.10625000000000001 0.21875
2 0.8347656250000001 0.635625 0.05078125 0.20375000000000001
2 0.9125000000000001 0.82125 0.096875 0.2225
2 0.9359375000000001 0.649375 0.0890625 0.11375
2 0.9812500000000001 0.805625 0.034375 0.18125
5 0.87109375 0.588125 -0.015625 -0.03875
